Action Seq = 80,80,80,
Reward Seq = 93.0, 132.0, 125.0, 
EpisodeCoverage = 50.0,64.58333333333334,62.5,
GlobalCoverage = 50.0,64.58333333333334,64.58333333333334,
Time = 680064,2759686,1275175,
