Action Seq = 80,80,80,
Reward Seq = 0.0, 0.0, 0.0, 
EpisodeCoverage = 29.166666666666668,64.58333333333334,37.5,
GlobalCoverage = 33.33333333333333,64.58333333333334,64.58333333333334,
Time = 170330,488351,202086,
