Action Seq = 200,200,200,200,200,
Reward Seq = 17.0, 72.0, 61.0, 12.0, 51.0, 
EpisodeCoverage = 56.060606060606055,40.909090909090914,39.39393939393939,40.909090909090914,31.818181818181817,
GlobalCoverage = 56.060606060606055,57.57575757575758,57.57575757575758,60.60606060606061,60.60606060606061,
Time = 2432059,1548311,1915916,1969087,1406505,
