Action Seq = 27,15,11,
Reward Seq = 140.21428571428572, 261.2142857142857, 243.21428571428572, 
EpisodeCoverage = 100.0,100.0,100.0,
GlobalCoverage = 100.0,100.0,100.0,
Time = 179699,96534,70483,
