Action Seq = 3,7,4,
Reward Seq = 0.0, 0.0, 0.0, 
EpisodeCoverage = 7.291666666666667,23.958333333333336,8.333333333333332,
GlobalCoverage = 8.333333333333332,27.083333333333332,28.125,
Time = 5583,57569,8633,
