Action Seq = 80,80,80,
Reward Seq = 0.0, 0.0, 0.0, 
EpisodeCoverage = 87.5,35.41666666666667,83.33333333333334,
GlobalCoverage = 87.5,87.5,95.83333333333334,
Time = 439958,171791,395847,
